%% Coordinate Array A (CoordArray.A1(r1,c1))
CoordArray.A1 = [154 101 56 1066; 175 214 56 1066; 175	214	284	1330; 206	59	420	1268; 273	142	593	736; 273	142	356	121; 218	413	249	408; 329	628	441	603];
CoordArray.A2 = [131 119 78	1091; 156 236 78 1091; 156	236	318	1345; 179	81	456	1273; 253	160	610	742; 253	160	360	143; 210	436	240	425; 341	664	448	617];
CoordArray.A3 = [79	325	100	1095; 143 264	100	1095; 143	264	351	1352; 187	207	472	1284; 228	174	622	731; 228	174	332	146; 212	451	245	438; 351	653	454	617];
CoordArray.A4 = [161 163 50	1079; 183 270 50 1079; 183	270	272	1340; 214	130	405	1282; 276	199	588	778;276	199	419	196;222	459	253	451;328	654	437	635];
CoordArray.A5 = [96	236	85	1076; 122	268	85	1076; 135	256	346	1350; 145	97	474	1263; 224	169	593	736; 224	169	350	138; 192	439	218	428; 325	649	429	608];
%% Coordinate Array B
CoordArray.B1 = [149	257	317	1164; 186	257	317	1164; 186	257	583	1342; 214	193	694	1252; 261	165	708	684; 298	124	364	114; 277	440	310	424; 460	651	546	580];
CoordArray.B2 = [245	193	28	1043; 285	195	28	1043; 285	195	193	1318; 339	155	331	1288; 389	144	566	786; 439	127	516	157; 291	388	327	387; 366	638	475	629];
CoordArray.B3 = [303	190	23	1035; 328	213	23	1035; 328	213	156	1346; 383	177	303	1313; 436	165	581	829; 472	150	539	177; 323	413	356	415; 379	673	487	659];
CoordArray.B4 = [167	172	54	1082; 210	167	54	1082; 210	167	257	1352; 255	118	393	1295; 305	97	581	737; 305	97	340	98; 241	370	279	366; 353	633	467	597];
CoordArray.B5 = [258	189	30	1048; 280	211	30	1048; 280	211	178	1342; 330	181	322	1307; 381	169	554	778; 381	169	412	166; 285	406	321	404; 359	660	463	633];
CoordArray.B6 = [147	162	67	1089; 171	188	67	1089; 186	183	284	1339; 210	15	425	1275; 277	102	579	712; 277	102	309	98; 222	380	261	371; 346	618	455	575];
CoordArray.B7 = [206	155	39	1055; 244	149	39	1055; 244	149	237	1332; 290	112	375	1283; 338	93	594	743; 338	93	416	81; 264	368	305	360; 367	621	476	591];
%% Coordinate Array C
CoordArray.C1 = [186	261	102	1041; 283	197	102	1041; 283	197	319	1318; 331	154	453	1230; 388	125	666	754; 424	97	494	126; 313	383	340	375; 408	638	515	606];
CoordArray.C2 = [58	275	79	1067; 136	200	79	1067; 148	200	318	1312; 184	144	454	1252; 240	111	609	713; 268	75	348	89; 198	373	228	362; 329	601	439	574];
CoordArray.C3 = [120	273	42	1070; 199	212	42	1070; 199	212	252	1311; 245	178	410	1284; 302	150	600	767; 302	150	320	139; 233	412	262	406; 339	649	450	631];
CoordArray.C4 = [82	288	62	1076; 165	217	62	1076; 165	217	286	1339; 186	72	424	1275; 261	151	599	760; 261	151	351	135; 209	415	237	405; 328	659	437	626];
CoordArray.C5 = [60	278	113	1097; 128	218	113	1097; 128	218	376	1319; 166	161	497	1212; 220	128	618	701; 220	128	307	103; 191	394	219	381; 338	628	443	588];
CoordArray.C6 = [110	209	56	1049; 187	157	56	1049; 187	157	299	1295; 236	108	456	1248; 283	103	619	700; 331	49	440	76; 226	347	255	339; 343	596	458	573];
CoordArray.C7 = [117	264	42	1052; 192	201	42	1052; 192	201	247	1323; 241	169	393	1274; 289	160	581	765; 322	109	372	123; 228	391	252	382; 327	650	435	624];
CoordArray.C8 = [72	278	91	1092; 130	218	91	1092; 130	218	343	1333; 172	172	479	1255; 223	137	602	720; 223	137	602	720; 194	395	218	385; 332	633	436	595];% copied to block error; 223	137	602	720
CoordArray.C9 = [144	201	53	1072; 168	234	53	1072; 179	233	286	1324; 219	180	414	1274; 269	173	586	756; 269	173	586	756; 215	407	242	398; 326	639	435	624];
CoordArray.C10 = [125	287	59	1058; 158	278	59	1058; 158	278	264	1302; 200	234	406	1252; 246	229	573	779; 286	178	373	193; 202	444	225	434; 314	671	416	647];
CoordArray.C11 = [117	216	62	1086; 147	222	62	1086; 157	223	285	1344; 195	174	442	1269; 243	162	600	743; 243	162	355	130; 202	404	229	392; 323	639	434	611];
CoordArray.C12 = [120	263	47	1065; 196	206	47	1065; 196	206	275	1328; 244	163	413	1286; 299	138	558	729; 299	138	320	128; 233	390	262	382; 341	631	454	614];
%% Coordinate Array D
CoordArray.D1 = [107	181	99	1110; 137	189	99	1110; 155	181	335	1341; 189	123	469	1285; 221	78	632	737; 221	78	632	737; 205	367	232	357; 347	630	441	588];
CoordArray.D2 = [56	245	70	1094; 144	131	70	1094; 144	131	297	1342; 186	102	440	1282; 229	73	626	729; 229	73	232	73; 204	357	232	346; 338	634	449	585];
CoordArray.D3 = [60	255	87	1102; 150	162	87	1102; 164	161	322	1348; 201	102	457	1287; 248	95	637	725; 295	45	396	56; 213	351	244	341; 346	624	455	580];
CoordArray.D4 = [98	237	49	1068; 184	169	49	1068; 208	149	256	1354; 236	11	402	1296; 303	106	625	761; 344	49	445	55; 240	349	270	338; 351	635	466	595];
CoordArray.D5 = [57	248	103	1095; 141	167	103	1095; 141	167	341	1348; 194	108	474	1286; 236	79	644	725; 280	41	386	57; 208	351	236	338; 350	631	463	582];
CoordArray.D6 = [156	156	65	1078; 191	163	65	1078; 191	163	278	1336; 233	115	413	1278; 282	112	625	744; 282	112	316	82; 231	365	259	358; 349	626	454	584];
CoordArray.D7 = [109	171	113	1099; 140	161	113	1099; 140	161	354	1343; 184	122	486	1276; 228	88	641	719; 228	88	263	81; 205	372	234	360; 347	618	451	572];
%% Coordinate Array E
CoordArray.E1 = [68	313	227	1132; 145	285	227	1132; 157	270	507	1330; 184	196	606	1237; 199	138	658	678; 284	103	317	101; 218	393	244	379; 377	625	483	594];
CoordArray.E2 = [69	258	70	1089; 155	223	70	1089; 164	219	307	1346; 200	144	417	1264; 247	140	560	757; 292	85	359	90; 207	380	234	365; 316	643	429	631];
CoordArray.E3 = [57	252	88	1083; 135	204	88	1083; 150	175	334	1329; 182	121	458	1248; 221	117	575	748; 259	62	348	84; 203	359	224	346; 339	607	442	611];
CoordArray.E4 = [128	259	39	1078; 222	261	39	1078; 222	261	244	1353; 276	143	362	1299; 324	149	583	794; 371	92	422	100; 251	380	284	365; 350	646	463	653];
%% Coordinate Array F
CoordArray.F1 = [115	255	185	1121; 153	248	185	1121; 159	248	434	1332; 191	180	561	1270; 237	156	652	702; 265	106	348	104; 222	394	253	381; 378	631	492	629];
CoordArray.F2 = [74	269	51	1031; 154	205	51	1031; 154	205	268	1335; 196	158	392	1277; 229	149	548	737; 274	93	343	119; 197	370	222	363; 307	647	402	652];
CoordArray.F3 = [88	97	97	1104; 127	252	97	1104; 127	252	342	1333; 161	176	450	1264; 201	173	556	718; 241	114	315	119; 176	385	205	376; 306	646	410	642];	
CoordArray.F4 = [45	275	73	1050; 133	212	73	1050; 133	212	310	1329; 172	145	434	1269; 214	138	580	706; 253	77	329	91; 189	365	221	353; 325	615	432	575];
CoordArray.F5 = [51	272	96	975; 132	219	96	975; 132	219	345	1339; 171	155	463	1263; 206	143	588	724; 247	82	317	94; 185	381	221	365; 329	620	435	623];
CoordArray.F6 = [59	288	87	1082; 141	303	87	1082; 141	303	309	1328; 150	58	420	1274; 212	151	555	731; 259	99	341	109; 182	375	210	366; 305	640	419	636];
CoordArray.F7 = [73	274	36	1079; 161	215	36	1079; 161	215	249	1327; 208	170	379	1284; 241	154	557	734; 295	103	390	119; 200	382	229	376; 304	637	417	632];
CoordArray.F8 = [203	218	27	942; 297	201	27	942; 297	201	193	1312; 353	141	308	1281; 396	121	592	763; 450	101	515	119; 308	352	342	347; 375	629	492	648];
CoordArray.F9 = [140	261	27	973; 229	191	27	973; 229	191	225	1317; 278	91	370	1271; 335	174	583	761; 356	104	431	118; 254	380	288	374; 346	658	462	655];
CoordArray.F10 = [117	274	36	1063; 205	237	36	1063; 205	237	226	1329; 241	60	348	1279; 302	153	574	767; 354	113	482	162; 236	378	267	373; 337	651	440	671];
%% Coordinate Array G
CoordArray.G1 = [99	306	72	1103; 150	272	72	1103; 150	272	293	1332; 190	221	420	1270; 238	217	560	749; 270	161	353	159; 197	442	223	434; 317	668	426	650];
CoordArray.G2 = [65	344	73	1106; 149	270	73	1106; 149	270	308	1327; 190	221	436	1266; 238	195	570	755; 273	168	345	177; 197	450	221	438; 319	682	418	651];
CoordArray.G3 = [107	300	73	1097; 146	282	73	1097; 146	282	292	1332; 165	131	422	1272; 236	213	581	777; 271	185	349	190; 196	464	220	457; 318	692	422	657];
CoordArray.G4 = [103	356	167	1143; 134	362	167	1143; 134	362	405	1338; 131	207	525	1259; 207	292	602	773; 239	244	293	232; 201	515	222	503; 343	720	436	677];
CoordArray.G5 = [135	296	40	1098; 169	290	40	1098; 169	290	240	1337; 213	245	373	1277; 261	218	552	806; 295	193	387	203; 206	466	228	460; 315	695	402	680];
